DT:4-15-2011_11.12@BATT:13,SMSRF:+15558675309,LOC:32.2000000,-64.4500000,LOCACC:49,LOCALT:165.3000030517578,LOCSPD:0.0,LOCTMS:1458423011,LOCN:32.2000000,-64.4500000,LOCNACC:101,LOCNTMS:1458423011,CELLID:GSM:10081.13345030,CELLSIG:4,CELLSRV:service
DT:4-15-2011_11.14@BATT:12,SMSRF:+15558675309,LOC:18.5000000,-66.9000000,LOCACC:49,LOCALT:165.3000030517578,LOCSPD:0.0,LOCTMS:1458423021,LOCN:18.5000000,-66.9000000,LOCNACC:101,LOCNTMS:1458423021,CELLID:GSM:11172.24255141,CELLSIG:4,CELLSRV:service
DT:4-15-2011_11.16@BATT:11,SMSRF:+15558675309,LOC:25.4800000,-80.1800000,LOCACC:49,LOCALT:165.3000030517578,LOCSPD:0.0,LOCTMS:1458423031,LOCN:25.4800000,-80.1800000,LOCNACC:101,LOCNTMS:1458423031,CELLID:GSM:12263.35165252,CELLSIG:4,CELLSRV:service
DT:4-15-2011_11.18@BATT:10,SMSRF:+15558675309,LOC:32.2000000,-64.4500000,LOCACC:49,LOCALT:165.3000030517578,LOCSPD:0.0,LOCTMS:1458423041,LOCN:32.2000000,-64.4500000,LOCNACC:101,LOCNTMS:1458423041,CELLID:GSM:13354.46075363,CELLSIG:4,CELLSRV:service
